# q, R, dR, dq
1.499999999999999944e-02 8.942252171318982867e-01 3.316161693830455958e-03 7.500000000000000156e-04
1.600000000000000033e-02 9.490680605576055084e-01 3.486182308568189659e-03 8.000000000000000383e-04
1.700000000000000122e-02 9.879267525666083349e-01 3.563954175430253911e-03 8.500000000000000611e-04
1.799999999999999864e-02 1.015306635485089926e+00 3.621894179659294454e-03 8.999999999999999754e-04
1.899999999999999953e-02 1.027251958871218562e+00 3.627817512490259192e-03 9.499999999999999981e-04
2.000000000000000042e-02 1.049825737435095219e+00 3.683508787333825141e-03 1.000000000000000021e-03
2.100000000000000130e-02 1.076395637952484607e+00 3.672826402080520917e-03 1.050000000000000152e-03
2.199999999999999872e-02 9.010987301458116550e-01 3.808344279141856296e-03 1.100000000000000066e-03
2.299999999999999961e-02 3.967262243144475953e-01 2.481379397728345620e-03 1.149999999999999981e-03
2.400000000000000050e-02 2.269115881445227800e-01 1.776666128974365788e-03 1.200000000000000112e-03
2.500000000000000139e-02 1.550100526119880529e-01 1.465116867796974502e-03 1.250000000000000243e-03
2.599999999999999881e-02 1.125823000499673876e-01 1.210188378725675015e-03 1.299999999999999940e-03
2.699999999999999969e-02 8.643603959519437219e-02 1.054880002720051842e-03 1.350000000000000071e-03
2.800000000000000058e-02 6.663016497934774740e-02 9.263781400350348371e-04 1.400000000000000203e-03
2.900000000000000147e-02 5.356615735608927231e-02 8.271534741960549948e-04 1.450000000000000117e-03
2.999999999999999889e-02 4.311171267323980066e-02 3.813580633993765047e-04 1.500000000000000031e-03
3.099999999999999978e-02 3.652660231523983253e-02 7.073401422271498578e-04 1.550000000000000162e-03
3.200000000000000067e-02 3.122309527972347634e-02 6.223471116689427386e-04 1.600000000000000077e-03
3.300000000000000155e-02 2.654161948321628883e-02 5.993199561258611687e-04 1.650000000000000208e-03
3.400000000000000244e-02 2.220733892330193499e-02 5.384609415229351824e-04 1.700000000000000122e-03
3.500000000000000333e-02 1.904491315446387584e-02 2.514084530871729803e-04 1.750000000000000253e-03
3.599999999999999728e-02 1.668452755604975593e-02 4.664963917948907477e-04 1.799999999999999951e-03
3.699999999999999817e-02 1.516951935173869309e-02 4.499549544691215999e-04 1.850000000000000082e-03
3.849999999999999950e-02 1.217056458849097474e-02 2.830002164256399362e-04 1.925000000000000062e-03
4.000000000000000083e-02 1.035068955025139278e-02 1.935042332028147751e-04 2.000000000000000042e-03
4.499999999999999833e-02 5.947720063804941455e-03 3.129730802938703347e-05 2.249999999999999830e-03
5.000000000000000278e-02 3.793064691542984840e-03 2.372551768519209160e-05 2.500000000000000486e-03
5.500000000000000028e-02 2.498202334815231677e-03 1.841550564167859509e-05 2.750000000000000274e-03
5.999999999999999778e-02 1.742965089024611433e-03 8.004974512972725320e-06 3.000000000000000062e-03
6.500000000000000222e-02 1.268785562025984267e-03 1.233929409023497130e-05 3.250000000000000284e-03
7.000000000000000666e-02 9.327975671532548821e-04 5.568859721519370168e-06 3.500000000000000507e-03
7.499999999999999722e-02 7.104693271411138171e-04 8.617503016162242392e-06 3.749999999999999861e-03
8.000000000000000167e-02 5.443629591436616871e-04 3.773633610391332519e-06 4.000000000000000083e-03
8.500000000000000611e-02 4.196811040364848669e-04 6.874818510380877929e-06 4.250000000000000305e-03
8.999999999999999667e-02 3.357146668689555964e-04 2.940364710878880472e-06 4.499999999999999660e-03
9.500000000000000111e-02 2.669937706058751552e-04 5.453347829526024948e-06 4.750000000000000749e-03
1.000000000000000056e-01 2.054507926807325018e-04 2.395449157309455744e-06 5.000000000000000971e-03
1.100000000000000006e-01 1.327986220598257943e-04 8.380868570226008935e-07 5.500000000000000548e-03
1.199999999999999956e-01 8.980449007627347695e-05 5.249402689004965091e-07 6.000000000000000125e-03
1.300000000000000044e-01 5.887799683582474653e-05 4.082444996405125732e-07 6.500000000000000569e-03
1.400000000000000133e-01 3.806781450500868673e-05 3.519179393346404618e-07 7.000000000000001013e-03
1.499999999999999944e-01 2.483220318738093766e-05 2.515346675024775386e-07 7.499999999999999722e-03
1.600000000000000033e-01 1.556620119786908475e-05 1.178436628291563014e-07 8.000000000000000167e-03
1.700000000000000122e-01 9.552435161708956599e-06 8.495890084327559629e-08 8.500000000000000611e-03
1.799999999999999933e-01 5.932261028304516411e-06 6.080726151202768798e-08 8.999999999999999320e-03
1.900000000000000022e-01 3.462226539994012108e-06 5.637318670439113418e-08 9.500000000000001499e-03
2.000000000000000111e-01 1.914020895280136560e-06 4.145598467905155589e-08 1.000000000000000194e-02
2.099999999999999922e-01 1.024738342641010894e-06 1.529417118713581895e-08 1.050000000000000065e-02
2.200000000000000011e-01 5.986575697890023076e-07 1.053134384926928657e-08 1.100000000000000110e-02
2.300000000000000100e-01 4.710225775337636576e-07 1.127443193399088551e-08 1.150000000000000154e-02
2.399999999999999911e-01 5.061861413959201790e-07 1.064907949640754679e-08 1.200000000000000025e-02
2.500000000000000000e-01 6.229755513405196775e-07 1.087608435565785964e-08 1.250000000000000069e-02
2.600000000000000089e-01 7.302692922718497317e-07 9.894135383814101281e-09 1.300000000000000114e-02
2.700000000000000178e-01 8.012322086527280338e-07 1.178506520413757091e-08 1.350000000000000158e-02
2.800000000000000266e-01 8.295215892483024405e-07 1.298098347208755316e-08 1.400000000000000203e-02
2.899999999999999800e-01 8.475285127507017117e-07 1.406894962614087664e-08 1.449999999999999900e-02
2.999999999999999889e-01 7.913941697316908595e-07 1.452472036968233458e-08 1.499999999999999944e-02
3.099999999999999978e-01 7.507514036164625088e-07 1.604117589954290264e-08 1.549999999999999989e-02
3.200000000000000067e-01 6.799568120950316818e-07 1.633464960032853083e-08 1.600000000000000033e-02
3.300000000000000155e-01 6.114707969010594990e-07 1.440695857587864201e-08 1.650000000000000078e-02
3.449999999999999734e-01 4.851179669221626247e-07 7.580193801345233524e-09 1.724999999999999797e-02
3.599999999999999867e-01 3.720521049885514090e-07 1.378123577471954086e-08 1.799999999999999864e-02
3.699999999999999956e-01 2.981076104712850817e-07 1.224282633900655550e-08 1.849999999999999908e-02
3.800000000000000044e-01 2.382289867326257001e-07 1.141652312209726560e-08 1.900000000000000300e-02
3.900000000000000133e-01 1.789753932274953636e-07 1.012087842046197778e-08 1.950000000000000344e-02
